MD5Version 10 // Parameters used during export: Reorient: False; Scale: 1.0
commandline ""

numFrames 33
numJoints 3
frameRate 24
numAnimatedComponents 18

hierarchy {
  "root" -1 63 0 //
  "ear_r" 0 63 6 //
  "ear_l" 0 63 12 //
}

bounds {
  ( -2.8138303757 -3.6009056568 -4.4936871529 ) ( 2.8170361519 2.0530872345 4.2160024643 )
  ( -2.8138303757 -3.6009056568 -4.4876074791 ) ( 2.8170361519 2.0530872345 4.2375707626 )
  ( -2.8138303757 -3.6009056568 -4.4706835747 ) ( 2.8170361519 2.0530872345 4.2969655991 )
  ( -2.8138303757 -3.6009056568 -4.4448871613 ) ( 2.8170361519 2.0530872345 4.3862180710 )
  ( -2.8138303757 -3.6009056568 -4.4121890068 ) ( 2.8170361519 2.0530872345 4.4973611832 )
  ( -2.8138303757 -3.6009056568 -4.3745622635 ) ( 2.8170361519 2.0530872345 4.6224269867 )
  ( -2.8138303757 -3.6009056568 -4.3339772224 ) ( 2.8170361519 2.0530872345 4.7534484863 )
  ( -2.8138303757 -3.6009056568 -4.2924070358 ) ( 2.8170361519 2.0530872345 4.8824582100 )
  ( -2.8138303757 -3.6009056568 -4.2518219948 ) ( 2.8170361519 2.0530872345 5.0014877319 )
  ( -2.8138303757 -3.6009056568 -4.2141947746 ) ( 2.8170361519 2.0530872345 5.1025700569 )
  ( -2.8138303757 -3.6009056568 -4.1814966202 ) ( 2.8170361519 2.0530872345 5.1777391434 )
  ( -2.8138303757 -3.6009056568 -4.1557002068 ) ( 2.8170361519 2.0530872345 5.2382011414 )
  ( -2.8138303757 -3.6009056568 -4.1387763023 ) ( 2.8170361519 2.0530872345 5.3037548065 )
  ( -2.8138303757 -3.6009056568 -4.1326966286 ) ( 2.8170361519 2.0530872345 5.3415002823 )
  ( -2.8138303757 -3.6009056568 -4.1355915070 ) ( 2.8170361519 2.0530872345 5.3499150276 )
  ( -2.8138303757 -3.6009056568 -4.1438546181 ) ( 2.8170361519 2.0530872345 5.3339147568 )
  ( -2.8138303757 -3.6009056568 -4.1568541527 ) ( 2.8170361519 2.0530872345 5.2989654541 )
  ( -2.8138303757 -3.6009056568 -4.1739592552 ) ( 2.8170361519 2.0530872345 5.2475938797 )
  ( -2.8138303757 -3.6009056568 -4.1945371628 ) ( 2.8170361519 2.0530872345 5.1823267937 )
  ( -2.8138303757 -3.6009056568 -4.2179579735 ) ( 2.8170361519 2.0530872345 5.1056900024 )
  ( -2.8138303757 -3.6009056568 -4.2435884476 ) ( 2.8170361519 2.0530872345 5.0202102661 )
  ( -2.8138303757 -3.6009056568 -4.2707982063 ) ( 2.8170361519 2.0530872345 4.9284157753 )
  ( -2.8138303757 -3.6009056568 -4.2989554405 ) ( 2.8170361519 2.0530872345 4.8328304291 )
  ( -2.8138303757 -3.6009056568 -4.3274288177 ) ( 2.8170361519 2.0530872345 4.7359819412 )
  ( -2.8138303757 -3.6009056568 -4.3555855751 ) ( 2.8170361519 2.0530872345 4.6403970718 )
  ( -2.8138303757 -3.6009056568 -4.3827953339 ) ( 2.8170361519 2.0530872345 4.5486011505 )
  ( -2.8138303757 -3.6009056568 -4.4084262848 ) ( 2.8170361519 2.0530872345 4.4631223679 )
  ( -2.8138303757 -3.6009056568 -4.4318466187 ) ( 2.8170361519 2.0530872345 4.3864850998 )
  ( -2.8138303757 -3.6009056568 -4.4524254799 ) ( 2.8170361519 2.0530872345 4.3212180138 )
  ( -2.8138303757 -3.6009056568 -4.4695296288 ) ( 2.8170361519 2.0530872345 4.2698459625 )
  ( -2.8138303757 -3.6009056568 -4.4825301170 ) ( 2.8170361519 2.0530872345 4.2348971367 )
  ( -2.8138303757 -3.6009056568 -4.4907922745 ) ( 2.8170361519 2.0530872345 4.2188968658 )
  ( -2.8138303757 -3.6009056568 -4.4936871529 ) ( 2.8170361519 2.0530872345 4.2160024643 )
}

baseframe {
    ( 0.0000000000 -0.8028889298 -0.5851007104 ) ( -0.7071068287 -0.0000000000 -0.0000000000 )
    ( -1.7022180557 2.3933486938 -2.1537892818 ) ( -0.0000000000 -0.0000000000 -0.0000000000 )
    ( 1.7022180557 2.4668254852 -2.1537892818 ) ( -0.0000000000 -0.0000000000 -0.0000000000 )
}

frame 0 {
  0.0000000000 -0.8028889298 -0.5851007104 -0.7071068287 -0.0000000000 -0.0000000000
  -1.7022180557 2.3933486938 -2.1537892818 -0.0000000000 -0.0000000000 -0.0000000000
  1.7022180557 2.4668254852 -2.1537892818 -0.0000000000 -0.0000000000 -0.0000000000
}

frame 1 {
  0.0000000000 -0.8028889298 -0.5790212154 -0.7071068287 -0.0000000000 -0.0000000000
  -1.7022180557 2.4046578407 -2.1537892818 -0.0000000000 -0.0000000000 -0.0000000000
  1.7022180557 2.4823145866 -2.1537892818 -0.0000000000 -0.0000000000 -0.0000000000
}

frame 2 {
  0.0000000000 -0.8028889298 -0.5620972514 -0.7071068287 -0.0000000000 -0.0000000000
  -1.7022180557 2.4363238811 -2.1537892818 -0.0000000000 -0.0000000000 -0.0000000000
  1.7022180557 2.5247848034 -2.1537892818 -0.0000000000 -0.0000000000 -0.0000000000
}

frame 3 {
  0.0000000000 -0.8028889298 -0.5363004804 -0.7071068287 -0.0000000000 -0.0000000000
  -1.7022180557 2.4849538803 -2.1537892818 -0.0000000000 -0.0000000000 -0.0000000000
  1.7022180557 2.5882406235 -2.1537892818 -0.0000000000 -0.0000000000 -0.0000000000
}

frame 4 {
  0.0000000000 -0.8028889298 -0.5036026835 -0.7071068287 -0.0000000000 -0.0000000000
  -1.7022180557 2.5471549034 -2.1537892818 -0.0000000000 -0.0000000000 -0.0000000000
  1.7022180557 2.6666855812 -2.1537892818 -0.0000000000 -0.0000000000 -0.0000000000
}

frame 5 {
  0.0000000000 -0.8028889298 -0.4659755826 -0.7071068287 -0.0000000000 -0.0000000000
  -1.7022180557 2.6195344925 -2.1537892818 -0.0000000000 -0.0000000000 -0.0000000000
  1.7022180557 2.7541246414 -2.1537892818 -0.0000000000 -0.0000000000 -0.0000000000
}

frame 6 {
  0.0000000000 -0.8028889298 -0.4253908992 -0.7071068287 -0.0000000000 -0.0000000000
  -1.7022180557 2.6986994743 -2.1537892818 -0.0000000000 -0.0000000000 -0.0000000000
  1.7022180557 2.8445611000 -2.1537892818 -0.0000000000 -0.0000000000 -0.0000000000
}

frame 7 {
  0.0000000000 -0.8028889298 -0.3838203549 -0.7071068287 -0.0000000000 -0.0000000000
  -1.7022180557 2.7812573910 -2.1537892818 -0.0000000000 -0.0000000000 -0.0000000000
  1.7022180557 2.9320003986 -2.1537892818 -0.0000000000 -0.0000000000 -0.0000000000
}

frame 8 {
  0.0000000000 -0.8028889298 -0.3432356119 -0.7071068287 -0.0000000000 -0.0000000000
  -1.7022180557 2.8638153076 -2.1537892818 -0.0000000000 -0.0000000000 -0.0000000000
  1.7022180557 3.0104455948 -2.1537892818 -0.0000000000 -0.0000000000 -0.0000000000
}

frame 9 {
  0.0000000000 -0.8028889298 -0.3056085110 -0.7071068287 -0.0000000000 -0.0000000000
  -1.7022180557 2.9429802895 -2.1537892818 -0.0000000000 -0.0000000000 -0.0000000000
  1.7022180557 3.0739006996 -2.1537892818 -0.0000000000 -0.0000000000 -0.0000000000
}

frame 10 {
  0.0000000000 -0.8028889298 -0.2729107141 -0.7071068287 -0.0000000000 -0.0000000000
  -1.7022180557 3.0153598785 -2.1537892818 -0.0000000000 -0.0000000000 -0.0000000000
  1.7022180557 3.1163716316 -2.1537892818 -0.0000000000 -0.0000000000 -0.0000000000
}

frame 11 {
  0.0000000000 -0.8028889298 -0.2471140027 -0.7071068287 -0.0000000000 -0.0000000000
  -1.7022180557 3.0775611401 -2.1537892818 -0.0000000000 -0.0000000000 -0.0000000000
  1.7022180557 3.1318604946 -2.1537892818 -0.0000000000 -0.0000000000 -0.0000000000
}

frame 12 {
  0.0000000000 -0.8028889298 -0.2301900387 -0.7071068287 -0.0000000000 -0.0000000000
  -1.7022180557 3.1261906624 -2.1537892818 -0.0000000000 -0.0000000000 -0.0000000000
  1.7022180557 3.1265277863 -2.1537892818 -0.0000000000 -0.0000000000 -0.0000000000
}

frame 13 {
  0.0000000000 -0.8028889298 -0.2241105437 -0.7071068287 -0.0000000000 -0.0000000000
  -1.7022180557 3.1578567028 -2.1537892818 -0.0000000000 -0.0000000000 -0.0000000000
  1.7022180557 3.1113049984 -2.1537892818 -0.0000000000 -0.0000000000 -0.0000000000
}

frame 14 {
  0.0000000000 -0.8028889298 -0.2270052135 -0.7071068287 -0.0000000000 -0.0000000000
  -1.7022180557 3.1691660881 -2.1537892818 -0.0000000000 -0.0000000000 -0.0000000000
  1.7022180557 3.0873565674 -2.1537892818 -0.0000000000 -0.0000000000 -0.0000000000
}

frame 15 {
  0.0000000000 -0.8028889298 -0.2352681160 -0.7071068287 -0.0000000000 -0.0000000000
  -1.7022180557 3.1614289284 -2.1537892818 -0.0000000000 -0.0000000000 -0.0000000000
  1.7022180557 3.0558457375 -2.1537892818 -0.0000000000 -0.0000000000 -0.0000000000
}

frame 16 {
  0.0000000000 -0.8028889298 -0.2482677698 -0.7071068287 -0.0000000000 -0.0000000000
  -1.7022180557 3.1394791603 -2.1537892818 -0.0000000000 -0.0000000000 -0.0000000000
  1.7022180557 3.0179347992 -2.1537892818 -0.0000000000 -0.0000000000 -0.0000000000
}

frame 17 {
  0.0000000000 -0.8028889298 -0.2653725743 -0.7071068287 -0.0000000000 -0.0000000000
  -1.7022180557 3.1052124500 -2.1537892818 -0.0000000000 -0.0000000000 -0.0000000000
  1.7022180557 2.9747884274 -2.1537892818 -0.0000000000 -0.0000000000 -0.0000000000
}

frame 18 {
  0.0000000000 -0.8028889298 -0.2859509587 -0.7071068287 -0.0000000000 -0.0000000000
  -1.7022180557 3.0605232716 -2.1537892818 -0.0000000000 -0.0000000000 -0.0000000000
  1.7022180557 2.9275701046 -2.1537892818 -0.0000000000 -0.0000000000 -0.0000000000
}

frame 19 {
  0.0000000000 -0.8028889298 -0.3093713820 -0.7071068287 -0.0000000000 -0.0000000000
  -1.7022180557 3.0073072910 -2.1537892818 -0.0000000000 -0.0000000000 -0.0000000000
  1.7022180557 2.8774425983 -2.1537892818 -0.0000000000 -0.0000000000 -0.0000000000
}

frame 20 {
  0.0000000000 -0.8028889298 -0.3350022435 -0.7071068287 -0.0000000000 -0.0000000000
  -1.7022180557 2.9474589825 -2.1537892818 -0.0000000000 -0.0000000000 -0.0000000000
  1.7022180557 2.8255703449 -2.1537892818 -0.0000000000 -0.0000000000 -0.0000000000
}

frame 21 {
  0.0000000000 -0.8028889298 -0.3622120619 -0.7071068287 -0.0000000000 -0.0000000000
  -1.7022180557 2.8828732967 -2.1537892818 -0.0000000000 -0.0000000000 -0.0000000000
  1.7022180557 2.7731158733 -2.1537892818 -0.0000000000 -0.0000000000 -0.0000000000
}

frame 22 {
  0.0000000000 -0.8028889298 -0.3903691769 -0.7071068287 -0.0000000000 -0.0000000000
  -1.7022180557 2.8154449463 -2.1537892818 -0.0000000000 -0.0000000000 -0.0000000000
  1.7022180557 2.7212429047 -2.1537892818 -0.0000000000 -0.0000000000 -0.0000000000
}

frame 23 {
  0.0000000000 -0.8028889298 -0.4188420773 -0.7071068287 -0.0000000000 -0.0000000000
  -1.7022180557 2.7470693588 -2.1537892818 -0.0000000000 -0.0000000000 -0.0000000000
  1.7022180557 2.6711158752 -2.1537892818 -0.0000000000 -0.0000000000 -0.0000000000
}

frame 24 {
  0.0000000000 -0.8028889298 -0.4469991922 -0.7071068287 -0.0000000000 -0.0000000000
  -1.7022180557 2.6796417236 -2.1537892818 -0.0000000000 -0.0000000000 -0.0000000000
  1.7022180557 2.6238975525 -2.1537892818 -0.0000000000 -0.0000000000 -0.0000000000
}

frame 25 {
  0.0000000000 -0.8028889298 -0.4742090106 -0.7071068287 -0.0000000000 -0.0000000000
  -1.7022180557 2.6150557995 -2.1537892818 -0.0000000000 -0.0000000000 -0.0000000000
  1.7022180557 2.5807509422 -2.1537892818 -0.0000000000 -0.0000000000 -0.0000000000
}

frame 26 {
  0.0000000000 -0.8028889298 -0.4998398721 -0.7071068287 -0.0000000000 -0.0000000000
  -1.7022180557 2.5552077293 -2.1537892818 -0.0000000000 -0.0000000000 -0.0000000000
  1.7022180557 2.5428404808 -2.1537892818 -0.0000000000 -0.0000000000 -0.0000000000
}

frame 27 {
  0.0000000000 -0.8028889298 -0.5232602954 -0.7071068287 -0.0000000000 -0.0000000000
  -1.7022180557 2.5019912720 -2.1537892818 -0.0000000000 -0.0000000000 -0.0000000000
  1.7022180557 2.5113289356 -2.1537892818 -0.0000000000 -0.0000000000 -0.0000000000
}

frame 28 {
  0.0000000000 -0.8028889298 -0.5438386798 -0.7071068287 -0.0000000000 -0.0000000000
  -1.7022180557 2.4573025703 -2.1537892818 -0.0000000000 -0.0000000000 -0.0000000000
  1.7022180557 2.4873805046 -2.1537892818 -0.0000000000 -0.0000000000 -0.0000000000
}

frame 29 {
  0.0000000000 -0.8028889298 -0.5609434843 -0.7071068287 -0.0000000000 -0.0000000000
  -1.7022180557 2.4230358601 -2.1537892818 -0.0000000000 -0.0000000000 -0.0000000000
  1.7022180557 2.4721579552 -2.1537892818 -0.0000000000 -0.0000000000 -0.0000000000
}

frame 30 {
  0.0000000000 -0.8028889298 -0.5739430785 -0.7071068287 -0.0000000000 -0.0000000000
  -1.7022180557 2.4010860920 -2.1537892818 -0.0000000000 -0.0000000000 -0.0000000000
  1.7022180557 2.4668252468 -2.1537892818 -0.0000000000 -0.0000000000 -0.0000000000
}

frame 31 {
  0.0000000000 -0.8028889298 -0.5822060704 -0.7071068287 -0.0000000000 -0.0000000000
  -1.7022180557 2.3933486938 -2.1537892818 -0.0000000000 -0.0000000000 -0.0000000000
  1.7022180557 2.4668254852 -2.1537892818 -0.0000000000 -0.0000000000 -0.0000000000
}

frame 32 {
  0.0000000000 -0.8028889298 -0.5851007104 -0.7071068287 -0.0000000000 -0.0000000000
  -1.7022180557 2.3933486938 -2.1537892818 -0.0000000000 -0.0000000000 -0.0000000000
  1.7022180557 2.4668254852 -2.1537892818 -0.0000000000 -0.0000000000 -0.0000000000
}

